
Call:
PCA(X = decathlon[, -11], ncp = 2, quanti.sup = 11, quali.sup = 12) 


Eigenvalues
                       Dim.1   Dim.2   Dim.3   Dim.4   Dim.5   Dim.6   Dim.7   Dim.8   Dim.9  Dim.10 
Variance               3.272   1.737   1.405   1.057   0.685   0.599   0.451   0.397   0.215   0.182 
% of var.             32.719  17.371  14.049  10.569   6.848   5.993   4.512   3.969   2.148   1.822 
Cumulative % of var.  32.719  50.090  64.140  74.708  81.556  87.548  92.061  96.030  98.178 100.000 

Individuals
                Dist    Dim.1    ctr   cos2    Dim.2    ctr   cos2   
Sebrle      |  4.843 |  4.038 12.158  0.695 |  1.366  2.619  0.080 | 
Clay        |  4.647 |  3.919 11.451  0.711 |  0.837  0.984  0.032 | 
Karpov      |  5.006 |  4.620 15.911  0.852 |  0.040  0.002  0.000 | 
Macey       |  3.434 |  2.233  3.719  0.423 |  1.042  1.524  0.092 | 
Warners     |  2.979 |  2.168  3.505  0.530 | -1.803  4.565  0.366 | 
Zsivoczky   |  2.566 |  0.925  0.638  0.130 |  1.169  1.918  0.207 | 
Hernu       |  1.824 |  0.889  0.589  0.238 | -0.618  0.537  0.115 | 
Nool        |  3.098 |  0.295  0.065  0.009 | -1.546  3.354  0.249 | 
Bernard     |  2.827 |  1.906  2.709  0.455 | -0.086  0.010  0.001 | 
Schwarzl    |  1.971 |  0.081  0.005  0.002 | -1.353  2.572  0.472 | 
Pogorelov   |  2.383 |  0.540  0.217  0.051 |  0.771  0.834  0.105 | 
Schoenbeck  |  1.797 |  0.114  0.010  0.004 | -0.040  0.002  0.000 | 
Barras      |  2.224 |  0.002  0.000  0.000 |  0.360  0.182  0.026 | 
Smith       |  3.536 |  0.870  0.565  0.061 |  1.059  1.576  0.090 | 
Averyanov   |  2.521 |  0.349  0.091  0.019 | -1.559  3.411  0.382 | 
Ojaniemi    |  2.338 |  0.380  0.108  0.026 | -0.772  0.838  0.109 | 
Smirnov     |  2.021 | -0.485  0.175  0.057 | -1.061  1.580  0.275 | 
Qi          |  1.764 | -0.434  0.141  0.061 | -0.326  0.149  0.034 | 
Drews       |  3.423 | -0.249  0.046  0.005 | -3.082 13.334  0.811 | 
Parkhomenko |  3.486 | -1.069  0.853  0.094 |  2.093  6.152  0.361 | 
Terek       |  3.282 | -0.682  0.347  0.043 |  0.536  0.403  0.027 | 
Gomez       |  2.613 | -0.290  0.063  0.012 | -1.197  2.011  0.210 | 
Turi        |  3.069 | -1.542  1.772  0.252 |  0.427  0.256  0.019 | 
Lorenzo     |  3.510 | -2.409  4.324  0.471 | -1.583  3.518  0.203 | 
Karlivans   |  2.704 | -1.994  2.965  0.544 | -0.294  0.122  0.012 | 
Korkizoglou |  3.975 | -0.958  0.684  0.058 |  2.066  5.995  0.270 | 
Uldal       |  2.946 | -2.562  4.894  0.757 |  0.245  0.085  0.007 | 
Casarsa     |  4.921 | -2.857  6.085  0.337 |  3.798 20.252  0.596 | 
SEBRLE      |  2.369 |  0.792  0.467  0.112 |  0.772  0.836  0.106 | 
CLAY        |  3.507 |  1.235  1.137  0.124 |  0.575  0.464  0.027 | 
KARPOV      |  3.396 |  1.358  1.375  0.160 |  0.484  0.329  0.020 | 
BERNARD     |  2.763 | -0.610  0.277  0.049 | -0.875  1.074  0.100 | 
YURKOV      |  3.018 | -0.586  0.256  0.038 |  2.131  6.376  0.499 | 
WARNERS     |  2.428 |  0.357  0.095  0.022 | -1.685  3.986  0.482 | 
ZSIVOCZKY   |  2.563 |  0.272  0.055  0.011 | -1.094  1.680  0.182 | 
McMULLEN    |  2.561 |  0.588  0.257  0.053 |  0.231  0.075  0.008 | 
MARTINEAU   |  3.742 | -1.995  2.968  0.284 |  0.561  0.442  0.022 | 
HERNU       |  2.794 | -1.546  1.782  0.306 |  0.488  0.335  0.031 | 
BARRAS      |  1.952 | -1.342  1.342  0.472 | -0.311  0.136  0.025 | 
NOOL        |  3.734 | -2.345  4.099  0.394 | -1.966  5.429  0.277 | 
BOURGUIGNON |  4.299 | -3.979 11.802  0.857 |  0.200  0.056  0.002 | 

Variables
               Dim.1    ctr   cos2    Dim.2    ctr   cos2   
100m        | -0.775 18.344  0.600 |  0.187  2.016  0.035 | 
Longueur    |  0.742 16.822  0.550 | -0.345  6.869  0.119 | 
Poids       |  0.623 11.844  0.388 |  0.598 20.607  0.358 | 
Hauteur     |  0.572  9.998  0.327 |  0.350  7.064  0.123 | 
400m        | -0.680 14.116  0.462 |  0.569 18.666  0.324 | 
110m H      | -0.746 17.020  0.557 |  0.229  3.013  0.052 | 
Disque      |  0.552  9.328  0.305 |  0.606 21.162  0.368 | 
Perche      |  0.050  0.077  0.003 | -0.180  1.873  0.033 | 
Javelot     |  0.277  2.347  0.077 |  0.317  5.784  0.100 | 
1500m       | -0.058  0.103  0.003 |  0.474 12.946  0.225 | 

Supplementary continuous variable
               Dim.1   cos2    Dim.2   cos2   
Points      |  0.956  0.914 | -0.017  0.000 | 

Supplementary categories
                Dist    Dim.1   cos2 v.test    Dim.2   cos2 v.test   
Decastar    |  0.946 | -0.600  0.403 -1.430 | -0.038  0.002 -0.123 | 
JO          |  0.439 |  0.279  0.403  1.430 |  0.017  0.002  0.123 | 
